acc = 0.8553921568627451
acc_and_f1 = 0.8765695619669012
f1 = 0.8977469670710572
